1.08445
-2.96892
-0.589667
-3.71086
-0.434526
4.7918
4.36179
2.18745
3.30794
-1.30075
-2.33246
1.16179
1.32829
-0.226432
1.14139
2.78911
-2.77062
2.18151
2.46717
0.884265
-0.595634
-2.30596
2.12674
-2.32054
-1.13036
-3.45637
-0.115946
-1.313
0.605872
-2.22836
-0.997573
-0.026821
-3.31521
1.01612
1.50434
0.362372
-1.69686
-0.320029
-0.0282613
1.15865
-2.5124
-0.689191
0.651842
-3.0916
-2.51623
5.71133
-3.31382
-3.09859
0.686332
5.04018
0.857708
-4.95029
0.397607
-3.12155
-0.415721
5.9541
1.26438
3.14799
-4.75444
-0.616074
-0.969531
-2.39991
-6.01891
2.63387
0.203802
-4.297
-1.25641
-3.84878
-4.54268
-0.586243
0.16929
1.23079
-4.33437
0.607652
5.2711
3.23408
-2.79643
7.09725
3.69256
-0.704194
1.06235
-0.314019
-2.08033
-4.80506
3.50445
0.45764
-2.46127
1.53103
-5.6543
-3.41793
0.97814
0.673959
0.920889
1.13282
-1.72948
2.59298
-5.3312
0.655044
1.45992
0.8995
